11132
11133
11142
11232
11233
12142
12143
12152
23141 41321
21333
13243
11223 21323 31423 42331
12141
21141
31131 33151 51331
21232 32342
22141 32241 41331
21131 31231
12233
13142
21332
22142
22151
22241
31241
32141 41231
12243
13152
22242 42442
23151 51431
31332
13153
22243
22252
22333 32433 33342
22342
23152
23242 42432
21233 31333 33353 51533 53351 53553
31342
31432 32341
32242 42342
32251
33241
21132 31232 41332
41341
41422
41431
42241
13253
31433
33251
41432 42341
23253
32352
32442
41433
41442
41523
41532
42351
42441
43341
43251 51432
51441
52341
23353
32443
33352
41533
43351
51532
52441
33443
42443
42452
42533
42542
43352
43442
33252 52442
51542 52451
33453
22343 42543 43452
23252 52542
53451
32343 43453
23343 43543
52552
52543 53452
43553
53552